instância: mochila01.txt.txt
valor : 107
produtos escolhidos : 1, 2, 6, 7

instância: mochila02.txt.txt
valor : 130
produtos escolhidos : 2, 3

instância: mochila1000.txt
valor : 4135
produtos escolhidos : 14, 37, 44, 101, 108, 114, 127, 142, 145, 150, 162, 181, 195, 220, 250, 273, 279, 280, 293, 295, 307, 308, 311, 335, 359, 360, 409, 418, 428, 448, 450, 459, 460, 468, 477, 486, 488, 491, 504, 510, 515, 523, 534, 551, 554, 565, 570, 574, 619, 624, 626, 633, 641, 653, 658, 666, 702, 713, 714, 718, 729, 752, 759, 768, 775, 788, 796, 799, 810, 848, 859, 864, 865, 871, 877, 887, 892, 905, 908, 912, 916, 955, 967, 974, 981, 997

instância: mochila2500.txt
valor : 37138
produtos escolhidos : 1, 3, 5, 7, 8, 10, 15, 18, 22, 24, 25, 26, 27, 29, 30, 32, 33, 34, 40, 43, 46, 47, 50, 54, 55, 57, 62, 66, 69, 73, 76, 78, 79, 81, 82, 83, 85, 87, 88, 93, 97, 100, 102, 105, 108, 109, 114, 115, 117, 120, 121, 124, 125, 126, 128, 129, 131, 132, 133, 136, 137, 138, 145, 149, 154, 155, 159, 162, 165, 167, 168, 171, 172, 173, 176, 177, 179, 180, 181, 184, 185, 187, 188, 190, 193, 194, 200, 204, 206, 208, 210, 216, 218, 221, 224, 227, 228, 229, 233, 234, 237, 239, 240, 241, 243, 244, 247, 248, 249, 250, 253, 254, 255, 256, 258, 259, 260, 261, 263, 265, 266, 267, 268, 269, 270, 274, 280, 284, 288, 291, 294, 299, 303, 304, 305, 308, 311, 312, 313, 314, 315, 317, 320, 325, 329, 330, 331, 334, 336, 340, 343, 344, 346, 348, 350, 351, 352, 354, 355, 356, 357, 358, 360, 364, 366, 367, 371, 372, 374, 375, 377, 378, 384, 386, 388, 391, 392, 393, 394, 398, 399, 401, 403, 404, 405, 406, 407, 408, 412, 414, 420, 421, 422, 425, 429, 430, 432, 433, 434, 435, 443, 445, 448, 450, 451, 452, 453, 454, 456, 457, 459, 462, 464, 465, 468, 469, 476, 480, 486, 487, 488, 489, 492, 493, 495, 496, 501, 502, 503, 504, 505, 506, 509, 515, 519, 523, 524, 525, 526, 529, 530, 533, 535, 536, 538, 539, 540, 542, 547, 552, 554, 561, 563, 567, 570, 571, 574, 576, 577, 578, 579, 582, 584, 587, 588, 590, 591, 596, 598, 599, 602, 605, 607, 608, 609, 610, 616, 617, 619, 620, 622, 624, 626, 630, 633, 636, 637, 638, 639, 641, 642, 643, 646, 649, 653, 654, 655, 657, 658, 661, 662, 663, 665, 666, 668, 672, 673, 675, 676, 679, 681, 682, 683, 684, 686, 688, 689, 691, 692, 697, 701, 704, 706, 717, 720, 722, 726, 728, 731, 732, 733, 735, 737, 739, 740, 741, 742, 743, 744, 748, 755, 756, 761, 766, 771, 772, 773, 774, 775, 777, 778, 779, 781, 782, 783, 784, 785, 786, 787, 788, 789, 790, 791, 795, 797, 798, 801, 802, 804, 808, 812, 813, 816, 817, 818, 819, 820, 822, 823, 824, 825, 829, 833, 836, 837, 838, 840, 842, 844, 846, 848, 851, 852, 854, 856, 859, 865, 866, 870, 872, 873, 875, 879, 880, 882, 883, 886, 887, 890, 891, 899, 900, 904, 908, 909, 910, 917, 918, 921, 922, 923, 924, 926, 927, 930, 932, 933, 936, 940, 941, 945, 948, 950, 951, 954, 957, 958, 961, 964, 966, 967, 969, 970, 973, 974, 976, 977, 978, 980, 982, 983, 984, 985, 988, 989, 990, 991, 992, 994, 995, 998, 1001, 1004, 1007, 1008, 1011, 1019, 1021, 1023, 1027, 1029, 1031, 1032, 1033, 1035, 1040, 1041, 1043, 1050, 1051, 1053, 1054, 1055, 1056, 1063, 1064, 1066, 1073, 1075, 1076, 1077, 1080, 1081, 1082, 1084, 1087, 1090, 1092, 1095, 1096, 1097, 1100, 1101, 1107, 1110, 1111, 1112, 1120, 1121, 1122, 1124, 1128, 1129, 1132, 1133, 1134, 1136, 1140, 1141, 1142, 1143, 1144, 1146, 1147, 1150, 1153, 1154, 1155, 1157, 1158, 1159, 1160, 1161, 1162, 1163, 1166, 1167, 1168, 1169, 1170, 1182, 1184, 1186, 1189, 1191, 1192, 1193, 1194, 1196, 1200, 1203, 1205, 1207, 1214, 1218, 1219, 1222, 1225, 1226, 1229, 1230, 1235, 1238, 1239, 1241, 1242, 1243, 1246, 1248, 1251, 1253, 1256, 1257, 1258, 1259, 1262, 1264, 1265, 1268, 1272, 1274, 1275, 1277, 1279, 1281, 1282, 1283, 1287, 1288, 1291, 1293, 1297, 1299, 1300, 1302, 1304, 1305, 1306, 1308, 1315, 1317, 1320, 1321, 1324, 1326, 1328, 1330, 1331, 1337, 1339, 1342, 1343, 1344, 1351, 1354, 1356, 1359, 1364, 1369, 1373, 1374, 1377, 1378, 1383, 1384, 1386, 1391, 1392, 1393, 1397, 1398, 1401, 1405, 1406, 1407, 1408, 1411, 1412, 1414, 1416, 1417, 1418, 1419, 1422, 1423, 1424, 1430, 1431, 1432, 1433, 1434, 1435, 1436, 1441, 1442, 1445, 1452, 1458, 1460, 1461, 1463, 1464, 1465, 1467, 1469, 1472, 1473, 1475, 1476, 1477, 1480, 1481, 1482, 1483, 1487, 1492, 1494, 1499, 1504, 1505, 1506, 1510, 1511, 1512, 1521, 1522, 1527, 1529, 1532, 1541, 1542, 1543, 1546, 1547, 1552, 1553, 1555, 1560, 1566, 1569, 1573, 1577, 1579, 1584, 1590, 1591, 1592, 1594, 1595, 1599, 1604, 1605, 1606, 1613, 1614, 1619, 1621, 1622, 1624, 1627, 1629, 1631, 1634, 1635, 1636, 1639, 1641, 1642, 1643, 1644, 1645, 1646, 1648, 1649, 1655, 1658, 1659, 1661, 1662, 1666, 1667, 1669, 1671, 1675, 1676, 1678, 1683, 1687, 1688, 1691, 1695, 1699, 1700, 1701, 1706, 1707, 1709, 1711, 1712, 1713, 1714, 1715, 1717, 1718, 1720, 1721, 1722, 1723, 1724, 1725, 1726, 1730, 1732, 1733, 1737, 1738, 1741, 1745, 1747, 1748, 1750, 1753, 1754, 1755, 1756, 1759, 1760, 1761, 1762, 1764, 1765, 1769, 1770, 1773, 1778, 1780, 1781, 1782, 1786, 1787, 1789, 1792, 1796, 1798, 1800, 1802, 1806, 1811, 1812, 1815, 1816, 1817, 1818, 1819, 1821, 1823, 1825, 1827, 1831, 1833, 1834, 1835, 1838, 1841, 1847, 1849, 1851, 1852, 1853, 1860, 1861, 1864, 1865, 1866, 1867, 1869, 1872, 1876, 1877, 1879, 1880, 1881, 1882, 1885, 1886, 1887, 1888, 1893, 1900, 1901, 1902, 1906, 1910, 1912, 1914, 1920, 1921, 1923, 1925, 1928, 1932, 1935, 1936, 1939, 1940, 1945, 1951, 1953, 1954, 1957, 1959, 1966, 1968, 1970, 1971, 1972, 1975, 1987, 1989, 1990, 1994, 1997, 1999, 2000, 2002, 2004, 2005, 2006, 2007, 2009, 2013, 2020, 2026, 2028, 2029, 2031, 2033, 2034, 2035, 2036, 2037, 2039, 2041, 2042, 2044, 2046, 2048, 2053, 2054, 2055, 2057, 2058, 2059, 2060, 2061, 2062, 2064, 2069, 2070, 2071, 2072, 2073, 2074, 2076, 2077, 2078, 2079, 2080, 2082, 2084, 2087, 2088, 2090, 2091, 2092, 2094, 2099, 2100, 2102, 2107, 2108, 2109, 2110, 2111, 2112, 2114, 2117, 2120, 2127, 2129, 2132, 2133, 2136, 2138, 2140, 2144, 2147, 2148, 2150, 2151, 2153, 2155, 2156, 2158, 2161, 2171, 2173, 2178, 2179, 2180, 2182, 2184, 2188, 2189, 2192, 2194, 2196, 2201, 2202, 2207, 2209, 2213, 2214, 2215, 2216, 2217, 2220, 2221, 2223, 2226, 2227, 2228, 2231, 2232, 2233, 2234, 2235, 2240, 2241, 2244, 2245, 2248, 2249, 2252, 2256, 2264, 2268, 2269, 2270, 2275, 2277, 2279, 2281, 2283, 2291, 2300, 2302, 2304, 2308, 2309, 2312, 2313, 2314, 2319, 2322, 2324, 2325, 2327, 2328, 2333, 2336, 2339, 2347, 2354, 2358, 2359, 2361, 2363, 2366, 2368, 2369, 2370, 2374, 2375, 2377, 2380, 2382, 2384, 2385, 2386, 2391, 2392, 2393, 2394, 2395, 2400, 2409, 2412, 2413, 2414, 2415, 2416, 2417, 2418, 2419, 2424, 2425, 2427, 2428, 2429, 2432, 2437, 2440, 2441, 2442, 2445, 2446, 2448, 2449, 2450, 2452, 2454, 2455, 2456, 2457, 2458, 2459, 2460, 2464, 2469, 2472, 2474, 2477, 2478, 2481, 2483, 2484, 2489, 2493, 2495, 2496, 2497

instância: mochila5000.txt
valor : 71811
produtos escolhidos : 1, 2, 3, 10, 11, 14, 15, 19, 20, 22, 23, 33, 34, 36, 38, 39, 40, 43, 46, 49, 50, 52, 55, 56, 57, 58, 59, 60, 61, 62, 65, 70, 71, 75, 79, 80, 85, 88, 89, 91, 92, 96, 97, 98, 100, 104, 105, 107, 109, 110, 111, 113, 114, 118, 121, 123, 127, 128, 129, 130, 132, 133, 134, 137, 138, 139, 145, 146, 148, 149, 151, 156, 158, 161, 162, 174, 178, 179, 182, 183, 185, 188, 189, 190, 192, 194, 196, 198, 201, 203, 204, 208, 214, 215, 218, 223, 224, 228, 229, 234, 236, 244, 249, 250, 251, 252, 257, 258, 260, 263, 274, 275, 276, 277, 278, 280, 281, 282, 283, 286, 287, 291, 294, 295, 297, 298, 301, 303, 308, 310, 313, 314, 315, 319, 320, 322, 323, 328, 329, 334, 337, 339, 341, 342, 344, 347, 349, 352, 353, 355, 356, 359, 360, 361, 366, 367, 368, 373, 374, 377, 378, 379, 380, 381, 384, 385, 387, 389, 390, 392, 395, 396, 398, 399, 402, 403, 407, 408, 410, 411, 412, 413, 415, 417, 418, 419, 420, 423, 425, 427, 429, 431, 433, 434, 439, 441, 442, 445, 446, 447, 449, 452, 453, 454, 458, 459, 460, 461, 462, 463, 466, 467, 468, 472, 473, 474, 479, 480, 481, 482, 483, 484, 485, 486, 487, 488, 489, 490, 492, 494, 496, 498, 502, 503, 505, 509, 511, 513, 516, 519, 521, 522, 524, 527, 532, 533, 535, 536, 537, 540, 542, 545, 546, 547, 548, 552, 553, 557, 558, 559, 562, 568, 571, 572, 578, 581, 582, 589, 591, 592, 595, 596, 597, 609, 614, 615, 616, 618, 619, 620, 624, 627, 628, 629, 634, 635, 636, 637, 639, 641, 649, 652, 653, 654, 656, 659, 663, 664, 667, 668, 669, 672, 674, 675, 676, 677, 681, 688, 692, 694, 697, 699, 700, 703, 705, 706, 707, 708, 712, 716, 717, 718, 723, 726, 727, 728, 730, 732, 733, 734, 737, 739, 740, 741, 742, 743, 744, 748, 752, 753, 758, 764, 766, 767, 769, 770, 772, 774, 777, 778, 779, 781, 782, 783, 784, 790, 791, 795, 798, 799, 801, 806, 809, 813, 814, 825, 827, 828, 829, 830, 835, 836, 840, 843, 846, 847, 853, 854, 861, 863, 864, 868, 875, 878, 880, 881, 883, 884, 888, 889, 890, 892, 893, 894, 895, 896, 898, 899, 901, 902, 903, 911, 914, 916, 920, 922, 924, 931, 936, 938, 939, 941, 942, 943, 944, 945, 947, 949, 954, 961, 962, 963, 970, 974, 976, 978, 979, 982, 983, 984, 985, 986, 989, 990, 991, 993, 998, 999, 1003, 1004, 1005, 1007, 1009, 1010, 1014, 1015, 1016, 1018, 1019, 1020, 1022, 1025, 1028, 1033, 1034, 1036, 1045, 1047, 1049, 1050, 1051, 1055, 1056, 1058, 1061, 1068, 1071, 1074, 1075, 1077, 1078, 1079, 1081, 1083, 1084, 1088, 1090, 1094, 1095, 1097, 1098, 1100, 1102, 1107, 1108, 1109, 1111, 1119, 1121, 1122, 1125, 1131, 1133, 1134, 1139, 1142, 1143, 1146, 1149, 1151, 1152, 1153, 1155, 1156, 1158, 1160, 1161, 1167, 1172, 1174, 1178, 1180, 1181, 1182, 1184, 1191, 1192, 1193, 1195, 1196, 1197, 1198, 1199, 1201, 1205, 1206, 1207, 1211, 1212, 1214, 1215, 1219, 1222, 1223, 1224, 1225, 1227, 1228, 1230, 1231, 1233, 1238, 1239, 1241, 1242, 1243, 1246, 1248, 1250, 1252, 1253, 1256, 1257, 1264, 1266, 1267, 1272, 1275, 1276, 1277, 1281, 1283, 1284, 1289, 1291, 1294, 1297, 1299, 1305, 1309, 1310, 1311, 1312, 1314, 1315, 1316, 1320, 1323, 1325, 1328, 1329, 1330, 1331, 1332, 1333, 1334, 1336, 1337, 1340, 1343, 1345, 1347, 1355, 1356, 1357, 1358, 1359, 1362, 1366, 1370, 1372, 1373, 1374, 1382, 1384, 1390, 1395, 1399, 1400, 1401, 1403, 1409, 1411, 1413, 1415, 1416, 1425, 1426, 1427, 1428, 1430, 1432, 1433, 1434, 1436, 1438, 1439, 1440, 1443, 1444, 1447, 1448, 1449, 1451, 1452, 1456, 1459, 1461, 1462, 1465, 1466, 1468, 1469, 1471, 1472, 1474, 1476, 1478, 1479, 1480, 1481, 1483, 1487, 1489, 1495, 1498, 1501, 1502, 1506, 1512, 1513, 1514, 1518, 1520, 1523, 1525, 1526, 1527, 1528, 1530, 1534, 1536, 1538, 1543, 1547, 1549, 1551, 1552, 1553, 1557, 1560, 1564, 1566, 1567, 1568, 1570, 1573, 1578, 1579, 1581, 1585, 1586, 1587, 1598, 1600, 1601, 1604, 1607, 1615, 1617, 1618, 1622, 1627, 1630, 1632, 1637, 1638, 1639, 1640, 1644, 1648, 1649, 1655, 1657, 1658, 1661, 1662, 1663, 1664, 1665, 1668, 1670, 1672, 1673, 1675, 1676, 1677, 1680, 1684, 1687, 1691, 1694, 1695, 1702, 1703, 1704, 1705, 1706, 1708, 1710, 1711, 1713, 1718, 1720, 1721, 1722, 1723, 1725, 1728, 1729, 1733, 1734, 1735, 1736, 1740, 1743, 1744, 1745, 1746, 1752, 1753, 1754, 1756, 1759, 1760, 1761, 1762, 1763, 1766, 1767, 1769, 1770, 1773, 1774, 1776, 1777, 1779, 1782, 1783, 1786, 1787, 1789, 1792, 1793, 1794, 1795, 1796, 1800, 1805, 1808, 1814, 1816, 1823, 1824, 1825, 1828, 1829, 1831, 1834, 1836, 1838, 1842, 1843, 1845, 1847, 1848, 1849, 1851, 1855, 1856, 1858, 1859, 1860, 1861, 1862, 1873, 1876, 1877, 1878, 1879, 1881, 1884, 1885, 1886, 1891, 1892, 1899, 1900, 1904, 1907, 1908, 1909, 1910, 1911, 1912, 1913, 1916, 1918, 1922, 1924, 1932, 1934, 1935, 1938, 1940, 1942, 1945, 1947, 1948, 1949, 1951, 1953, 1954, 1958, 1960, 1961, 1963, 1964, 1965, 1966, 1967, 1968, 1969, 1970, 1976, 1979, 1985, 1989, 1992, 1993, 1994, 1996, 1999, 2002, 2003, 2006, 2010, 2011, 2014, 2015, 2017, 2019, 2021, 2025, 2028, 2034, 2035, 2037, 2038, 2039, 2041, 2042, 2045, 2049, 2051, 2060, 2061, 2062, 2065, 2070, 2072, 2075, 2077, 2079, 2084, 2085, 2087, 2088, 2089, 2090, 2095, 2097, 2098, 2099, 2100, 2102, 2107, 2108, 2119, 2121, 2122, 2125, 2126, 2127, 2130, 2144, 2145, 2146, 2154, 2157, 2159, 2165, 2167, 2169, 2170, 2171, 2172, 2173, 2175, 2178, 2179, 2180, 2183, 2185, 2186, 2187, 2190, 2192, 2193, 2194, 2195, 2197, 2199, 2204, 2206, 2207, 2210, 2217, 2220, 2230, 2234, 2235, 2237, 2239, 2242, 2243, 2247, 2249, 2250, 2251, 2253, 2257, 2259, 2266, 2269, 2270, 2271, 2272, 2273, 2276, 2281, 2282, 2283, 2285, 2287, 2288, 2291, 2293, 2296, 2298, 2300, 2302, 2303, 2306, 2307, 2308, 2309, 2310, 2312, 2314, 2315, 2318, 2321, 2322, 2326, 2329, 2331, 2333, 2334, 2337, 2345, 2346, 2348, 2356, 2361, 2362, 2363, 2365, 2367, 2368, 2369, 2370, 2371, 2374, 2375, 2377, 2380, 2381, 2384, 2390, 2391, 2392, 2393, 2399, 2400, 2401, 2403, 2404, 2406, 2411, 2414, 2415, 2419, 2423, 2424, 2425, 2426, 2430, 2436, 2437, 2443, 2445, 2452, 2453, 2454, 2455, 2456, 2457, 2458, 2461, 2464, 2469, 2470, 2471, 2475, 2479, 2480, 2482, 2483, 2487, 2488, 2496, 2498, 2500, 2504, 2505, 2507, 2508, 2511, 2514, 2515, 2516, 2520, 2521, 2522, 2523, 2526, 2527, 2528, 2531, 2533, 2539, 2540, 2544, 2546, 2547, 2549, 2551, 2556, 2557, 2558, 2559, 2562, 2563, 2565, 2566, 2570, 2571, 2573, 2575, 2576, 2581, 2583, 2584, 2586, 2588, 2589, 2591, 2592, 2594, 2595, 2597, 2598, 2600, 2601, 2602, 2607, 2609, 2610, 2612, 2613, 2614, 2617, 2618, 2620, 2621, 2624, 2625, 2626, 2627, 2629, 2630, 2634, 2636, 2638, 2639, 2640, 2641, 2648, 2653, 2654, 2657, 2659, 2661, 2665, 2670, 2671, 2678, 2681, 2683, 2685, 2690, 2692, 2693, 2698, 2700, 2701, 2702, 2703, 2704, 2706, 2709, 2710, 2711, 2712, 2713, 2723, 2724, 2726, 2732, 2736, 2739, 2741, 2742, 2744, 2746, 2747, 2750, 2751, 2753, 2757, 2760, 2762, 2763, 2764, 2765, 2769, 2771, 2772, 2774, 2777, 2781, 2782, 2783, 2790, 2796, 2797, 2798, 2799, 2800, 2802, 2803, 2808, 2809, 2814, 2815, 2818, 2819, 2825, 2826, 2830, 2831, 2833, 2837, 2840, 2841, 2843, 2845, 2849, 2853, 2854, 2855, 2857, 2861, 2862, 2863, 2866, 2870, 2871, 2873, 2874, 2876, 2877, 2878, 2880, 2884, 2888, 2890, 2893, 2894, 2896, 2897, 2900, 2901, 2902, 2913, 2916, 2917, 2918, 2919, 2922, 2925, 2930, 2933, 2935, 2939, 2943, 2945, 2951, 2952, 2953, 2955, 2956, 2963, 2965, 2968, 2969, 2972, 2973, 2974, 2976, 2977, 2979, 2983, 2985, 2986, 2990, 2991, 2992, 2996, 2999, 3001, 3004, 3007, 3009, 3010, 3015, 3019, 3020, 3024, 3026, 3028, 3029, 3033, 3036, 3039, 3041, 3043, 3046, 3051, 3053, 3054, 3055, 3056, 3060, 3061, 3062, 3069, 3072, 3073, 3074, 3075, 3076, 3078, 3081, 3083, 3084, 3086, 3087, 3088, 3089, 3091, 3092, 3095, 3096, 3098, 3099, 3104, 3106, 3107, 3109, 3111, 3113, 3114, 3115, 3117, 3121, 3122, 3133, 3134, 3135, 3136, 3142, 3144, 3148, 3154, 3156, 3167, 3168, 3169, 3170, 3172, 3175, 3176, 3179, 3181, 3182, 3185, 3189, 3192, 3193, 3195, 3197, 3199, 3200, 3202, 3205, 3206, 3208, 3209, 3210, 3211, 3212, 3220, 3227, 3229, 3230, 3232, 3236, 3238, 3244, 3247, 3250, 3251, 3253, 3259, 3260, 3262, 3264, 3265, 3266, 3268, 3270, 3272, 3273, 3275, 3280, 3282, 3286, 3287, 3293, 3294, 3295, 3298, 3302, 3303, 3309, 3311, 3316, 3322, 3327, 3328, 3331, 3335, 3341, 3343, 3344, 3346, 3348, 3351, 3354, 3357, 3358, 3360, 3362, 3363, 3364, 3365, 3366, 3367, 3368, 3370, 3372, 3376, 3378, 3379, 3388, 3389, 3390, 3392, 3394, 3395, 3399, 3401, 3402, 3405, 3406, 3407, 3408, 3409, 3414, 3415, 3416, 3419, 3420, 3430, 3432, 3434, 3436, 3438, 3442, 3445, 3446, 3447, 3450, 3451, 3455, 3456, 3458, 3464, 3465, 3466, 3468, 3469, 3471, 3473, 3475, 3477, 3478, 3479, 3480, 3483, 3487, 3489, 3493, 3494, 3496, 3503, 3504, 3511, 3513, 3515, 3517, 3519, 3522, 3525, 3528, 3529, 3530, 3532, 3535, 3537, 3539, 3541, 3543, 3546, 3547, 3548, 3552, 3553, 3558, 3564, 3568, 3570, 3572, 3577, 3578, 3579, 3580, 3581, 3582, 3583, 3585, 3589, 3590, 3591, 3594, 3596, 3600, 3602, 3604, 3605, 3606, 3607, 3612, 3613, 3616, 3620, 3625, 3628, 3630, 3635, 3641, 3647, 3649, 3651, 3658, 3659, 3660, 3662, 3663, 3664, 3665, 3669, 3670, 3672, 3673, 3674, 3680, 3684, 3685, 3686, 3687, 3688, 3689, 3690, 3691, 3693, 3697, 3698, 3701, 3704, 3707, 3710, 3712, 3713, 3714, 3715, 3716, 3717, 3718, 3727, 3728, 3730, 3732, 3733, 3734, 3736, 3738, 3743, 3745, 3748, 3749, 3756, 3759, 3760, 3767, 3768, 3770, 3773, 3774, 3780, 3782, 3783, 3786, 3787, 3790, 3792, 3793, 3797, 3798, 3803, 3804, 3806, 3809, 3811, 3812, 3815, 3816, 3819, 3823, 3825, 3829, 3830, 3831, 3833, 3836, 3838, 3839, 3840, 3841, 3844, 3845, 3847, 3848, 3849, 3850, 3852, 3854, 3855, 3856, 3862, 3870, 3874, 3875, 3878, 3879, 3881, 3883, 3890, 3891, 3892, 3893, 3894, 3895, 3897, 3899, 3908, 3910, 3912, 3914, 3915, 3918, 3921, 3922, 3923, 3924, 3925, 3926, 3929, 3930, 3933, 3934, 3941, 3943, 3945, 3947, 3949, 3954, 3956, 3961, 3962, 3968, 3971, 3974, 3975, 3977, 3979, 3984, 3985, 3986, 3989, 3990, 3991, 3992, 3994, 3997, 3998, 4000, 4002, 4009, 4011, 4013, 4015, 4017, 4018, 4023, 4029, 4031, 4032, 4034, 4035, 4036, 4038, 4039, 4044, 4047, 4052, 4053, 4054, 4056, 4058, 4059, 4061, 4062, 4063, 4066, 4069, 4077, 4079, 4082, 4084, 4086, 4091, 4094, 4095, 4096, 4097, 4098, 4099, 4102, 4103, 4104, 4108, 4111, 4114, 4115, 4119, 4120, 4121, 4122, 4123, 4124, 4127, 4129, 4131, 4132, 4133, 4135, 4137, 4140, 4141, 4145, 4146, 4147, 4150, 4154, 4158, 4161, 4182, 4184, 4185, 4188, 4190, 4192, 4193, 4194, 4197, 4199, 4200, 4203, 4205, 4206, 4212, 4213, 4216, 4226, 4229, 4232, 4234, 4236, 4238, 4239, 4243, 4244, 4245, 4248, 4249, 4250, 4251, 4253, 4255, 4256, 4261, 4263, 4266, 4267, 4268, 4270, 4273, 4276, 4277, 4278, 4281, 4282, 4284, 4291, 4292, 4293, 4295, 4298, 4299, 4302, 4306, 4307, 4311, 4312, 4317, 4318, 4319, 4320, 4322, 4324, 4325, 4326, 4327, 4330, 4331, 4332, 4335, 4340, 4341, 4345, 4346, 4350, 4356, 4358, 4359, 4360, 4361, 4362, 4364, 4366, 4368, 4370, 4373, 4375, 4377, 4382, 4383, 4385, 4387, 4389, 4391, 4392, 4395, 4396, 4399, 4404, 4410, 4412, 4413, 4416, 4417, 4419, 4420, 4421, 4422, 4423, 4424, 4425, 4430, 4432, 4433, 4440, 4442, 4443, 4446, 4450, 4451, 4452, 4453, 4455, 4457, 4460, 4462, 4466, 4468, 4470, 4474, 4479, 4481, 4482, 4484, 4485, 4491, 4493, 4494, 4496, 4498, 4501, 4502, 4503, 4506, 4508, 4512, 4515, 4516, 4517, 4518, 4521, 4524, 4527, 4529, 4530, 4532, 4533, 4534, 4535, 4545, 4550, 4551, 4556, 4557, 4559, 4561, 4567, 4568, 4570, 4571, 4572, 4580, 4586, 4589, 4590, 4591, 4594, 4597, 4599, 4600, 4601, 4602, 4607, 4608, 4609, 4610, 4613, 4616, 4619, 4623, 4625, 4626, 4627, 4628, 4631, 4633, 4634, 4635, 4638, 4640, 4644, 4645, 4647, 4648, 4649, 4650, 4660, 4661, 4663, 4665, 4668, 4670, 4673, 4679, 4680, 4681, 4683, 4686, 4687, 4688, 4690, 4691, 4693, 4694, 4698, 4699, 4702, 4707, 4708, 4711, 4713, 4715, 4723, 4725, 4728, 4731, 4734, 4736, 4737, 4741, 4742, 4743, 4744, 4745, 4746, 4747, 4752, 4755, 4757, 4758, 4761, 4762, 4764, 4766, 4768, 4770, 4772, 4774, 4775, 4776, 4777, 4784, 4786, 4789, 4790, 4791, 4793, 4798, 4799, 4801, 4802, 4803, 4804, 4806, 4808, 4809, 4815, 4818, 4820, 4822, 4823, 4824, 4825, 4830, 4834, 4839, 4840, 4845, 4848, 4851, 4852, 4853, 4856, 4857, 4858, 4859, 4860, 4862, 4863, 4864, 4868, 4869, 4870, 4874, 4878, 4880, 4881, 4883, 4884, 4887, 4889, 4890, 4891, 4895, 4899, 4901, 4903, 4904, 4905, 4906, 4911, 4915, 4917, 4918, 4921, 4923, 4926, 4928, 4932, 4933, 4935, 4936, 4938, 4941, 4944, 4945, 4949, 4951, 4952, 4953, 4955, 4958, 4962, 4964, 4965, 4967, 4969, 4971, 4972, 4973, 4976, 4979, 4984, 4985, 4990, 4991, 4992, 5000

